lambda,num_hosts,throughput,avg_packet_delay
0.9,10,7108.66,10057.8
0.8,10,6283.13,9835.88
0.7,10,5559.89,9947.66
0.6,10,4767.87,10008.9
0.5,10,3997.1,10097
0.3,10,2381.69,10045.4
0.2,10,1598.73,10476.6
0.1,10,799.393,9910.02
0.05,10,378.272,9737.53
0.01,10,83.7852,10618.8

lambda,num_hosts,throughput,avg_packet_delay
0.9,10,7111,1.46327
0.8,10,6252.79,1.35762
0.7,10,5478.31,1.22662
0.6,10,4722.1,1.09567
0.5,10,3953.34,0.944664
0.3,10,2421.99,0.587126
0.2,10,1578.03,0.389594
0.1,10,787.648,0.202852
0.05,10,412.435,0.102823
0.01,10,87.3309,0.0209997

lambda,num_hosts,throughput,avg_packet_delay
0.9,10,7150.24,2248.26
0.8,10,6356.43,1745.86
0.7,10,5465.2,1234.34
0.6,10,4824.26,958.424
0.5,10,3901.59,626.054
0.3,10,2388.6,271.328
0.2,10,1541.77,141.197
0.1,10,743.681,60.3427
0.05,10,411.626,29.2803
0.01,10,90.9115,6.06017




